3
40
8
1.50
1.20
6.66 7.66 7.66 7.66 7.66 7.67 8.67 8.67 0.40 0.20 0.00 0.80 0.60 0.40 0.20 0.00 0.80 0.60 0.40 0.20 0.00 0.80 0.60 0.40 0.20 0.00 0.80 0.60 0.40 0.20 0.00 0.80 0.60 0.40 0.20 0.00 0.80 0.60 0.40 0.20 
6.86 7.90 7.93 7.96 8.00 8.03 9.06 9.10 0.60 0.42 0.25 0.07 0.90 0.72 0.55 0.38 0.20 0.03 0.85 0.68 0.50 0.33 0.15 0.97 0.80 0.62 0.45 0.28 0.10 0.93 0.75 0.57 0.40 0.23 0.05 0.88 0.70 0.53 0.35 0.17 
7.07 8.14 8.20 8.27 8.33 8.39 8.46 9.52 0.80 0.65 0.50 0.35 0.20 0.05 0.90 0.75 0.60 0.45 0.30 0.15 0.00 0.85 0.70 0.55 0.40 0.25 0.10 0.95 0.80 0.65 0.50 0.35 0.20 0.05 0.90 0.75 0.60 0.45 0.30 0.15 
7.28 8.38 8.47 8.57 8.66 8.76 8.85 8.95 0.00 0.88 0.75 0.62 0.50 0.38 0.25 0.12 0.00 0.88 0.75 0.62 0.50 0.38 0.25 0.12 0.00 0.88 0.75 0.62 0.50 0.38 0.25 0.12 0.00 0.88 0.75 0.62 0.50 0.38 0.25 0.12 
7.49 8.62 8.74 8.87 9.00 9.12 9.25 9.38 0.20 0.10 0.00 0.90 0.80 0.70 0.60 0.50 0.40 0.30 0.20 0.10 0.00 0.90 0.80 0.70 0.60 0.50 0.40 0.30 0.20 0.10 0.00 0.90 0.80 0.70 0.60 0.50 0.40 0.30 0.20 0.10 
7.70 8.85 9.01 9.17 9.33 9.49 9.65 9.80 0.40 0.33 0.25 0.17 0.10 0.03 0.95 0.88 0.80 0.72 0.65 0.57 0.50 0.42 0.35 0.28 0.20 0.12 0.05 0.97 0.90 0.82 0.75 0.68 0.60 0.53 0.45 0.38 0.30 0.23 0.15 0.07 
7.90 9.09 9.28 9.47 9.66 9.85 10.04 10.23 0.60 0.55 0.50 0.45 0.40 0.35 0.30 0.25 0.20 0.15 0.10 0.05 0.00 0.95 0.90 0.85 0.80 0.75 0.70 0.65 0.60 0.55 0.50 0.45 0.40 0.35 0.30 0.25 0.20 0.15 0.10 0.05 
8.11 9.33 9.55 9.78 10.00 10.22 10.44 10.66 0.80 0.78 0.75 0.72 0.70 0.68 0.65 0.62 0.60 0.57 0.55 0.53 0.50 0.47 0.45 0.42 0.40 0.38 0.35 0.33 0.30 0.28 0.25 0.23 0.20 0.17 0.15 0.12 0.10 0.07 0.05 0.03 
32.00 33.00 34.00 35.00 36.00 37.00 38.00 39.00 
0.21 0.21 0.22 0.23 0.23 0.24 0.24 0.25 0.00 0.00 0.00 0.00 0.00 0.00 0.00 0.00 0.00 0.00 0.00 0.00 0.00 0.00 0.00 0.00 0.00 0.00 0.00 0.00 0.00 0.00 0.00 0.00 0.00 0.00 0.00 0.00 0.00 0.00 0.00 0.00 
0.41 0.42 0.44 0.45 0.46 0.47 0.49 0.50 
0.14 0.14 0.15 0.15 0.15 0.16 0.16 0.17 0.00 0.00 0.00 0.00 0.00 0.00 0.00 0.00 0.00 0.00 0.00 0.00 0.00 0.00 0.00 0.00 0.00 0.00 0.00 0.00 0.00 0.00 0.00 0.00 0.00 0.00 0.00 0.00 0.00 0.00 0.00 0.00 
0.00 0.00 0.00 0.00 0.00 0.00 0.00 0.00 
8.13 9.35 9.48 9.61 9.72 9.85 10.23 10.48 0.00 0.00 0.00 0.00 0.00 0.00 0.00 0.00 0.00 0.00 0.00 0.00 0.00 0.00 0.00 0.00 0.00 0.00 0.00 0.00 0.00 0.00 0.00 0.00 0.00 0.00 0.00 0.00 0.00 0.00 0.00 0.00 
0.10 0.11 0.11 0.11 0.12 0.12 0.12 0.12 
0.09 0.09 0.10 0.10 0.10 0.11 0.11 0.11 0.00 0.00 0.00 0.00 0.00 0.00 0.00 0.00 0.00 0.00 0.00 0.00 0.00 0.00 0.00 0.00 0.00 0.00 0.00 0.00 0.00 0.00 0.00 0.00 0.00 0.00 0.00 0.00 0.00 0.00 0.00 0.00 
