3
40
8
1.50
1.20
0.00 0.00 0.00 0.00 0.00 0.00 0.00 0.00 0.00 0.00 0.00 0.00 0.00 0.00 0.00 0.00 0.00 0.00 0.00 0.00 0.00 0.00 0.00 0.00 0.00 0.00 0.00 0.00 0.00 0.00 0.00 0.00 0.00 0.00 0.00 0.00 0.00 0.00 0.00 0.00 
0.01 0.04 0.07 0.10 0.13 0.16 0.19 0.23 0.20 0.23 0.25 0.28 0.30 0.33 0.35 0.38 0.40 0.42 0.45 0.47 0.50 0.53 0.55 0.57 0.60 0.62 0.65 0.68 0.70 0.72 0.75 0.78 0.80 0.82 0.85 0.88 0.90 0.93 0.95 0.97 
0.01 0.08 0.14 0.20 0.26 0.33 0.39 0.45 0.40 0.45 0.50 0.55 0.60 0.65 0.70 0.75 0.80 0.85 0.90 0.95 0.00 0.05 0.10 0.15 0.20 0.25 0.30 0.35 0.40 0.45 0.50 0.55 0.60 0.65 0.70 0.75 0.80 0.85 0.90 0.95 
0.02 0.11 0.21 0.30 0.39 0.49 0.58 0.68 0.60 0.68 0.75 0.82 0.90 0.97 0.05 0.12 0.20 0.28 0.35 0.42 0.50 0.57 0.65 0.72 0.80 0.88 0.95 0.03 0.10 0.17 0.25 0.33 0.40 0.47 0.55 0.62 0.70 0.78 0.85 0.93 
0.03 0.15 0.28 0.40 0.53 0.65 0.78 0.90 0.80 0.90 0.00 0.10 0.20 0.30 0.40 0.50 0.60 0.70 0.80 0.90 0.00 0.10 0.20 0.30 0.40 0.50 0.60 0.70 0.80 0.90 0.00 0.10 0.20 0.30 0.40 0.50 0.60 0.70 0.80 0.90 
0.03 0.19 0.34 0.50 0.66 0.81 0.97 1.13 0.00 0.12 0.25 0.38 0.50 0.62 0.75 0.88 0.00 0.12 0.25 0.38 0.50 0.62 0.75 0.88 0.00 0.12 0.25 0.38 0.50 0.62 0.75 0.88 0.00 0.12 0.25 0.38 0.50 0.62 0.75 0.88 
0.04 0.23 0.41 0.60 0.79 0.98 1.17 0.35 0.20 0.35 0.50 0.65 0.80 0.95 0.10 0.25 0.40 0.55 0.70 0.85 0.00 0.15 0.30 0.45 0.60 0.75 0.90 0.05 0.20 0.35 0.50 0.65 0.80 0.95 0.10 0.25 0.40 0.55 0.70 0.85 
0.04 0.26 0.48 0.70 0.92 1.14 0.36 0.58 0.40 0.57 0.75 0.93 0.10 0.28 0.45 0.62 0.80 0.97 0.15 0.33 0.50 0.68 0.85 0.03 0.20 0.38 0.55 0.72 0.90 0.07 0.25 0.42 0.60 0.78 0.95 0.12 0.30 0.47 0.65 0.82 
0.00 1.00 2.00 3.00 4.00 5.00 6.00 7.00 
0.01 0.01 0.02 0.03 0.03 0.04 0.04 0.05 0.00 0.00 0.00 0.00 0.00 0.00 0.00 0.00 0.00 0.00 0.00 0.00 0.00 0.00 0.00 0.00 0.00 0.00 0.00 0.00 0.00 0.00 0.00 0.00 0.00 0.00 0.00 0.00 0.00 0.00 0.00 0.00 
0.01 0.03 0.04 0.05 0.06 0.07 0.09 0.10 
0.00 0.01 0.01 0.02 0.02 0.02 0.03 0.03 0.00 0.00 0.00 0.00 0.00 0.00 0.00 0.00 0.00 0.00 0.00 0.00 0.00 0.00 0.00 0.00 0.00 0.00 0.00 0.00 0.00 0.00 0.00 0.00 0.00 0.00 0.00 0.00 0.00 0.00 0.00 0.00 
0.00 0.00 0.00 0.00 0.00 0.00 0.00 0.00 
0.00 0.02 0.04 0.06 0.08 0.10 0.09 0.09 0.00 0.00 0.00 0.00 0.00 0.00 0.00 0.00 0.00 0.00 0.00 0.00 0.00 0.00 0.00 0.00 0.00 0.00 0.00 0.00 0.00 0.00 0.00 0.00 0.00 0.00 0.00 0.00 0.00 0.00 0.00 0.00 
0.00 0.01 0.01 0.01 0.02 0.02 0.02 0.03 
0.00 0.01 0.01 0.01 0.01 0.02 0.02 0.02 0.00 0.00 0.00 0.00 0.00 0.00 0.00 0.00 0.00 0.00 0.00 0.00 0.00 0.00 0.00 0.00 0.00 0.00 0.00 0.00 0.00 0.00 0.00 0.00 0.00 0.00 0.00 0.00 0.00 0.00 0.00 0.00 
