3
40
8
1.50
1.20
1.72 2.22 2.72 2.22 2.72 2.22 2.72 3.22 0.20 0.60 0.00 0.40 0.80 0.20 0.60 0.00 0.40 0.80 0.20 0.60 0.00 0.40 0.80 0.20 0.60 0.00 0.40 0.80 0.20 0.60 0.00 0.40 0.80 0.20 0.60 0.00 0.40 0.80 0.20 0.60 
1.82 2.35 2.89 2.42 2.95 2.48 3.02 3.55 0.40 0.82 0.25 0.68 0.10 0.53 0.95 0.38 0.80 0.23 0.65 0.07 0.50 0.93 0.35 0.78 0.20 0.62 0.05 0.47 0.90 0.33 0.75 0.17 0.60 0.03 0.45 0.88 0.30 0.72 0.15 0.57 
1.93 2.49 3.06 2.62 3.18 2.75 3.31 2.87 0.60 0.05 0.50 0.95 0.40 0.85 0.30 0.75 0.20 0.65 0.10 0.55 0.00 0.45 0.90 0.35 0.80 0.25 0.70 0.15 0.60 0.05 0.50 0.95 0.40 0.85 0.30 0.75 0.20 0.65 0.10 0.55 
2.04 2.63 3.23 2.82 3.42 3.01 3.61 3.20 0.80 0.28 0.75 0.23 0.70 0.17 0.65 0.12 0.60 0.07 0.55 0.03 0.50 0.97 0.45 0.93 0.40 0.88 0.35 0.82 0.30 0.78 0.25 0.72 0.20 0.68 0.15 0.62 0.10 0.57 0.05 0.53 
2.14 2.77 2.40 3.02 2.65 3.27 2.90 3.53 0.00 0.50 0.00 0.50 0.00 0.50 0.00 0.50 0.00 0.50 0.00 0.50 0.00 0.50 0.00 0.50 0.00 0.50 0.00 0.50 0.00 0.50 0.00 0.50 0.00 0.50 0.00 0.50 0.00 0.50 0.00 0.50 
2.25 2.91 2.57 3.22 2.88 3.54 3.20 3.85 0.20 0.72 0.25 0.78 0.30 0.82 0.35 0.88 0.40 0.93 0.45 0.97 0.50 0.03 0.55 0.07 0.60 0.12 0.65 0.17 0.70 0.23 0.75 0.28 0.80 0.33 0.85 0.38 0.90 0.42 0.95 0.47 
2.36 3.05 2.74 3.42 3.11 3.80 3.49 4.18 0.40 0.95 0.50 0.05 0.60 0.15 0.70 0.25 0.80 0.35 0.90 0.45 0.00 0.55 0.10 0.65 0.20 0.75 0.30 0.85 0.40 0.95 0.50 0.05 0.60 0.15 0.70 0.25 0.80 0.35 0.90 0.45 
2.47 3.18 2.90 3.62 3.35 4.06 3.79 3.50 0.60 0.17 0.75 0.33 0.90 0.47 0.05 0.62 0.20 0.78 0.35 0.93 0.50 0.07 0.65 0.23 0.80 0.38 0.95 0.53 0.10 0.68 0.25 0.82 0.40 0.97 0.55 0.12 0.70 0.28 0.85 0.42 
16.00 17.00 18.00 19.00 20.00 21.00 22.00 23.00 
0.11 0.11 0.12 0.12 0.13 0.14 0.14 0.15 0.00 0.00 0.00 0.00 0.00 0.00 0.00 0.00 0.00 0.00 0.00 0.00 0.00 0.00 0.00 0.00 0.00 0.00 0.00 0.00 0.00 0.00 0.00 0.00 0.00 0.00 0.00 0.00 0.00 0.00 0.00 0.00 
0.21 0.23 0.24 0.25 0.26 0.28 0.29 0.30 
0.07 0.07 0.08 0.08 0.09 0.09 0.10 0.10 0.00 0.00 0.00 0.00 0.00 0.00 0.00 0.00 0.00 0.00 0.00 0.00 0.00 0.00 0.00 0.00 0.00 0.00 0.00 0.00 0.00 0.00 0.00 0.00 0.00 0.00 0.00 0.00 0.00 0.00 0.00 0.00 
0.00 0.00 0.00 0.00 0.00 0.00 0.00 0.00 
1.31 1.69 1.73 1.83 1.87 1.97 2.02 2.16 0.00 0.00 0.00 0.00 0.00 0.00 0.00 0.00 0.00 0.00 0.00 0.00 0.00 0.00 0.00 0.00 0.00 0.00 0.00 0.00 0.00 0.00 0.00 0.00 0.00 0.00 0.00 0.00 0.00 0.00 0.00 0.00 
0.05 0.06 0.06 0.06 0.07 0.07 0.07 0.07 
0.05 0.05 0.05 0.06 0.06 0.06 0.06 0.07 0.00 0.00 0.00 0.00 0.00 0.00 0.00 0.00 0.00 0.00 0.00 0.00 0.00 0.00 0.00 0.00 0.00 0.00 0.00 0.00 0.00 0.00 0.00 0.00 0.00 0.00 0.00 0.00 0.00 0.00 0.00 0.00 
