3
40
8
1.50
1.20
0.45 0.70 0.96 1.21 1.46 0.71 0.96 1.21 0.60 0.80 0.00 0.20 0.40 0.60 0.80 0.00 0.20 0.40 0.60 0.80 0.00 0.20 0.40 0.60 0.80 0.00 0.20 0.40 0.60 0.80 0.00 0.20 0.40 0.60 0.80 0.00 0.20 0.40 0.60 0.80 
0.51 0.79 1.07 1.36 1.64 0.92 1.20 1.48 0.80 0.03 0.25 0.47 0.70 0.93 0.15 0.38 0.60 0.82 0.05 0.28 0.50 0.72 0.95 0.17 0.40 0.62 0.85 0.07 0.30 0.53 0.75 0.97 0.20 0.42 0.65 0.88 0.10 0.33 0.55 0.78 
0.57 0.88 1.19 1.51 0.82 1.13 1.45 1.76 0.00 0.25 0.50 0.75 0.00 0.25 0.50 0.75 0.00 0.25 0.50 0.75 0.00 0.25 0.50 0.75 0.00 0.25 0.50 0.75 0.00 0.25 0.50 0.75 0.00 0.25 0.50 0.75 0.00 0.25 0.50 0.75 
0.62 0.97 1.31 1.66 1.00 1.35 1.69 2.04 0.20 0.47 0.75 0.03 0.30 0.57 0.85 0.12 0.40 0.68 0.95 0.23 0.50 0.78 0.05 0.33 0.60 0.88 0.15 0.42 0.70 0.97 0.25 0.53 0.80 0.07 0.35 0.62 0.90 0.17 0.45 0.72 
0.68 1.06 1.43 1.81 1.18 1.56 1.94 1.31 0.40 0.70 0.00 0.30 0.60 0.90 0.20 0.50 0.80 0.10 0.40 0.70 0.00 0.30 0.60 0.90 0.20 0.50 0.80 0.10 0.40 0.70 0.00 0.30 0.60 0.90 0.20 0.50 0.80 0.10 0.40 0.70 
0.74 1.14 1.55 1.96 1.37 1.77 2.18 1.59 0.60 0.93 0.25 0.57 0.90 0.23 0.55 0.88 0.20 0.53 0.85 0.17 0.50 0.82 0.15 0.47 0.80 0.12 0.45 0.78 0.10 0.42 0.75 0.07 0.40 0.72 0.05 0.38 0.70 0.03 0.35 0.68 
0.79 1.23 1.67 1.11 1.55 1.99 1.42 1.86 0.80 0.15 0.50 0.85 0.20 0.55 0.90 0.25 0.60 0.95 0.30 0.65 0.00 0.35 0.70 0.05 0.40 0.75 0.10 0.45 0.80 0.15 0.50 0.85 0.20 0.55 0.90 0.25 0.60 0.95 0.30 0.65 
0.85 1.32 1.79 1.26 1.73 2.20 1.67 2.14 0.00 0.38 0.75 0.12 0.50 0.88 0.25 0.62 0.00 0.38 0.75 0.12 0.50 0.88 0.25 0.62 0.00 0.38 0.75 0.12 0.50 0.88 0.25 0.62 0.00 0.38 0.75 0.12 0.50 0.88 0.25 0.62 
8.00 9.00 10.00 11.00 12.00 13.00 14.00 15.00 
0.06 0.06 0.07 0.07 0.08 0.09 0.09 0.10 0.00 0.00 0.00 0.00 0.00 0.00 0.00 0.00 0.00 0.00 0.00 0.00 0.00 0.00 0.00 0.00 0.00 0.00 0.00 0.00 0.00 0.00 0.00 0.00 0.00 0.00 0.00 0.00 0.00 0.00 0.00 0.00 
0.11 0.12 0.14 0.15 0.16 0.17 0.19 0.20 
0.04 0.04 0.05 0.05 0.05 0.06 0.06 0.07 0.00 0.00 0.00 0.00 0.00 0.00 0.00 0.00 0.00 0.00 0.00 0.00 0.00 0.00 0.00 0.00 0.00 0.00 0.00 0.00 0.00 0.00 0.00 0.00 0.00 0.00 0.00 0.00 0.00 0.00 0.00 0.00 
0.00 0.00 0.00 0.00 0.00 0.00 0.00 0.00 
0.25 0.39 0.53 0.56 0.51 0.58 0.60 0.64 0.00 0.00 0.00 0.00 0.00 0.00 0.00 0.00 0.00 0.00 0.00 0.00 0.00 0.00 0.00 0.00 0.00 0.00 0.00 0.00 0.00 0.00 0.00 0.00 0.00 0.00 0.00 0.00 0.00 0.00 0.00 0.00 
0.03 0.03 0.03 0.04 0.04 0.04 0.05 0.05 
0.03 0.03 0.03 0.03 0.04 0.04 0.04 0.04 0.00 0.00 0.00 0.00 0.00 0.00 0.00 0.00 0.00 0.00 0.00 0.00 0.00 0.00 0.00 0.00 0.00 0.00 0.00 0.00 0.00 0.00 0.00 0.00 0.00 0.00 0.00 0.00 0.00 0.00 0.00 0.00 
