3
40
8
1.50
1.20
3.78 4.53 4.29 5.04 4.79 4.54 5.29 5.04 0.80 0.40 0.00 0.60 0.20 0.80 0.40 0.00 0.60 0.20 0.80 0.40 0.00 0.60 0.20 0.80 0.40 0.00 0.60 0.20 0.80 0.40 0.00 0.60 0.20 0.80 0.40 0.00 0.60 0.20 0.80 0.40 
3.94 4.72 4.51 5.29 5.07 4.85 5.64 5.42 0.00 0.62 0.25 0.88 0.50 0.12 0.75 0.38 0.00 0.62 0.25 0.88 0.50 0.12 0.75 0.38 0.00 0.62 0.25 0.88 0.50 0.12 0.75 0.38 0.00 0.62 0.25 0.88 0.50 0.12 0.75 0.38 
4.10 4.91 4.73 5.54 5.35 5.17 5.98 5.79 0.20 0.85 0.50 0.15 0.80 0.45 0.10 0.75 0.40 0.05 0.70 0.35 0.00 0.65 0.30 0.95 0.60 0.25 0.90 0.55 0.20 0.85 0.50 0.15 0.80 0.45 0.10 0.75 0.40 0.05 0.70 0.35 
4.26 5.10 4.95 4.79 5.64 5.48 5.33 6.17 0.40 0.07 0.75 0.42 0.10 0.78 0.45 0.12 0.80 0.47 0.15 0.82 0.50 0.17 0.85 0.53 0.20 0.88 0.55 0.23 0.90 0.57 0.25 0.93 0.60 0.28 0.95 0.62 0.30 0.97 0.65 0.33 
4.41 5.29 5.17 5.04 5.92 5.80 5.67 6.55 0.60 0.30 0.00 0.70 0.40 0.10 0.80 0.50 0.20 0.90 0.60 0.30 0.00 0.70 0.40 0.10 0.80 0.50 0.20 0.90 0.60 0.30 0.00 0.70 0.40 0.10 0.80 0.50 0.20 0.90 0.60 0.30 
4.57 5.48 5.39 5.29 6.20 6.11 6.02 5.93 0.80 0.53 0.25 0.97 0.70 0.42 0.15 0.88 0.60 0.33 0.05 0.78 0.50 0.23 0.95 0.68 0.40 0.12 0.85 0.57 0.30 0.03 0.75 0.47 0.20 0.93 0.65 0.38 0.10 0.82 0.55 0.28 
4.73 5.67 5.61 5.55 5.48 6.42 6.36 6.30 0.00 0.75 0.50 0.25 0.00 0.75 0.50 0.25 0.00 0.75 0.50 0.25 0.00 0.75 0.50 0.25 0.00 0.75 0.50 0.25 0.00 0.75 0.50 0.25 0.00 0.75 0.50 0.25 0.00 0.75 0.50 0.25 
4.89 5.86 5.83 5.80 5.77 6.74 6.71 6.68 0.20 0.97 0.75 0.53 0.30 0.07 0.85 0.62 0.40 0.17 0.95 0.72 0.50 0.28 0.05 0.82 0.60 0.38 0.15 0.93 0.70 0.47 0.25 0.03 0.80 0.57 0.35 0.12 0.90 0.68 0.45 0.23 
24.00 25.00 26.00 27.00 28.00 29.00 30.00 31.00 
0.16 0.16 0.17 0.17 0.18 0.19 0.19 0.20 0.00 0.00 0.00 0.00 0.00 0.00 0.00 0.00 0.00 0.00 0.00 0.00 0.00 0.00 0.00 0.00 0.00 0.00 0.00 0.00 0.00 0.00 0.00 0.00 0.00 0.00 0.00 0.00 0.00 0.00 0.00 0.00 
0.31 0.33 0.34 0.35 0.36 0.38 0.39 0.40 
0.10 0.11 0.11 0.12 0.12 0.12 0.13 0.13 0.00 0.00 0.00 0.00 0.00 0.00 0.00 0.00 0.00 0.00 0.00 0.00 0.00 0.00 0.00 0.00 0.00 0.00 0.00 0.00 0.00 0.00 0.00 0.00 0.00 0.00 0.00 0.00 0.00 0.00 0.00 0.00 
0.00 0.00 0.00 0.00 0.00 0.00 0.00 0.00 
3.74 4.48 4.36 4.54 4.75 4.87 5.05 5.15 0.00 0.00 0.00 0.00 0.00 0.00 0.00 0.00 0.00 0.00 0.00 0.00 0.00 0.00 0.00 0.00 0.00 0.00 0.00 0.00 0.00 0.00 0.00 0.00 0.00 0.00 0.00 0.00 0.00 0.00 0.00 0.00 
0.08 0.08 0.08 0.09 0.09 0.09 0.10 0.10 
0.07 0.07 0.08 0.08 0.08 0.08 0.09 0.09 0.00 0.00 0.00 0.00 0.00 0.00 0.00 0.00 0.00 0.00 0.00 0.00 0.00 0.00 0.00 0.00 0.00 0.00 0.00 0.00 0.00 0.00 0.00 0.00 0.00 0.00 0.00 0.00 0.00 0.00 0.00 0.00 
