3
40
8
1.50000000000000000000
1.19999999999999995559
0.00005208333333333334 0.00010416666666666667 0.00015625000000000000 0.00020833333333333335 0.00026041666666666666 0.00031250000000000001 0.00036458333333333330 0.00041666666666666669 0.00046874999999999998 0.00052083333333333333 0.00057291666666666678 0.00062500000000000001 0.00067708333333333336 0.00072916666666666659 0.00078125000000000004 0.00083333333333333339 0.00088541666666666673 0.00093749999999999997 0.00098958333333333342 0.00104166666666666665 0.00109375000000000010 0.00114583333333333356 0.00119791666666666657 0.00125000000000000003 0.00130208333333333348 0.00135416666666666671 0.00140625000000000016 0.00145833333333333318 0.00151041666666666685 0.00156250000000000009 0.00161458333333333354 0.00166666666666666677 0.00171874999999999979 0.00177083333333333346 0.00182291666666666691 0.00187499999999999993 0.00192708333333333360 0.00197916666666666683 0.00203125000000000007 0.00208333333333333330 
0.00635416666666666682 0.03770833333333333676 0.06906249999999999889 0.10041666666666666796 0.13177083333333333703 0.16312499999999999223 0.19447916666666664742 0.22583333333333330262 0.25718750000000001332 0.28854166666666664076 0.31989583333333332371 0.35125000000000000666 0.38260416666666663410 0.41395833333333331705 0.44531250000000000000 0.47666666666666662744 0.50802083333333336590 0.53937499999999993783 0.57072916666666662078 0.60208333333333330373 0.63343749999999998668 0.66479166666666678065 0.69614583333333346360 0.72749999999999992450 0.75885416666666660745 0.79020833333333329040 0.82156250000000008438 0.85291666666666676733 0.88427083333333333925 0.91562500000000002220 0.94697916666666659413 0.97833333333333338810 1.00968750000000007105 1.04104166666666664298 1.07239583333333343695 1.10375000000000000888 1.13510416666666680285 1.16645833333333337478 1.19781249999999994671 1.22916666666666674068 
0.01265625000000000083 0.07531250000000000444 0.13796875000000000111 0.20062499999999999778 0.26328125000000002220 0.32593749999999999112 0.38859374999999996003 0.45124999999999992895 0.51390625000000011990 0.57656249999999997780 0.63921874999999994671 0.70187500000000002665 0.76453124999999999556 0.82718749999999996447 0.88984374999999993339 0.95249999999999990230 1.01515624999999998224 1.07781250000000006217 1.14046874999999992006 1.20312500000000000000 0.26578125000000002442 0.32843749999999999334 0.39109374999999996225 0.45374999999999993117 0.51640624999999995559 0.57906249999999992450 0.64171875000000000444 0.70437499999999997335 0.76703124999999994227 0.82968749999999991118 0.89234374999999999112 0.95500000000000007105 1.01765624999999992895 1.08031250000000000888 1.14296874999999986677 1.20562499999999994671 1.26828125000000024869 1.33093749999999988454 1.39359374999999996447 1.45625000000000004441 
0.01895833333333333745 0.11291666666666666519 0.20687499999999997558 0.30083333333333339699 0.39479166666666665186 0.48874999999999996225 0.58270833333333338366 0.67666666666666674956 0.77062500000000000444 0.86458333333333337034 0.95854166666666673624 1.05249999999999976907 1.14645833333333335702 1.24041666666666650087 0.33437499999999997780 0.42833333333333339921 0.52229166666666670960 0.61625000000000007550 0.71020833333333321935 0.80416666666666669627 0.89812500000000006217 0.99208333333333342807 1.08604166666666679397 1.17999999999999971578 1.27395833333333330373 1.36791666666666666963 1.46187500000000003553 0.55583333333333329040 0.64979166666666654528 0.74375000000000002220 0.83770833333333338810 0.93166666666666675400 1.02562499999999978684 1.11958333333333315274 1.21354166666666674068 1.30750000000000010658 1.40145833333333347248 1.49541666666666639429 1.58937499999999976019 1.68333333333333334814 
0.02526041666666666713 0.15052083333333335369 0.27578125000000003331 0.40104166666666668517 0.52630208333333339255 0.65156250000000004441 0.77682291666666658525 0.90208333333333323711 1.02734375000000022204 1.15260416666666665186 0.27786458333333335924 0.40312500000000001110 0.52838541666666671848 0.65364583333333325932 0.77890625000000002220 0.90416666666666667407 1.02942708333333321491 1.15468749999999986677 1.27994791666666651864 1.40520833333333317050 0.53046875000000004441 0.65572916666666669627 0.78098958333333323711 0.90624999999999988898 1.03151041666666665186 1.15677083333333330373 1.28203124999999995559 1.40729166666666660745 1.53255208333333325932 1.65781249999999991118 0.78307291666666667407 0.90833333333333332593 1.03359374999999986677 1.15885416666666651864 1.28411458333333317050 1.40937499999999982236 1.53463541666666647423 1.65989583333333334814 1.78515625000000000000 1.91041666666666665186 
0.03156250000000000028 0.18812499999999998668 0.34468749999999998002 0.50124999999999997335 0.65781250000000002220 0.81437499999999996003 0.97093750000000000888 1.12749999999999994671 0.28406249999999999556 0.44062499999999998890 0.59718749999999998224 0.75375000000000003109 0.91031249999999996891 1.06687500000000001776 1.22343749999999995559 1.37999999999999989342 0.53656250000000005329 0.69312499999999999112 0.84968750000000003997 1.00625000000000008882 1.16281250000000002665 1.31937499999999996447 1.47593749999999990230 1.63250000000000006217 0.78906250000000000000 0.94562500000000004885 1.10218750000000009770 1.25875000000000003553 1.41531249999999997335 1.57187499999999991118 1.72843750000000007105 1.88500000000000000888 1.04156249999999994671 1.19812500000000010658 1.35468750000000004441 1.51124999999999998224 1.66781249999999992006 1.82437500000000007994 1.98093750000000001776 2.13750000000000017764 
0.03786458333333334036 0.22572916666666667518 0.41359374999999998224 0.60145833333333342807 0.78932291666666665186 0.97718749999999998668 1.16505208333333332149 0.35291666666666671182 0.54078125000000010214 0.72864583333333332593 0.91651041666666677177 1.10437500000000010658 1.29223958333333333037 1.48010416666666655416 0.66796875000000000000 0.85583333333333344584 1.04369791666666666963 1.23156250000000011546 1.41942708333333311721 1.60729166666666678509 0.79515625000000011990 0.98302083333333345472 1.17088541666666645646 1.35874999999999990230 1.54661458333333334814 1.73447916666666679397 1.92234375000000001776 1.11020833333333324155 1.29807291666666646535 1.48593750000000013323 1.67380208333333335702 1.86166666666666680285 2.04953124999999980460 2.23739583333333280635 1.42526041666666669627 1.61312500000000014211 1.80098958333333336590 1.98885416666666658969 2.17671874999999959144 2.36458333333333348136 
0.04416666666666667351 0.26333333333333336368 0.48249999999999992895 0.70166666666666677177 0.92083333333333328152 1.13999999999999990230 0.35916666666666663410 0.57833333333333336590 0.79749999999999998668 1.01666666666666660745 1.23583333333333356130 1.45500000000000007105 0.67416666666666658081 0.89333333333333331261 1.11250000000000004441 1.33166666666666677621 1.55083333333333350801 1.77000000000000001776 0.98916666666666663854 1.20833333333333325932 1.42750000000000021316 1.64666666666666694496 1.86583333333333301063 1.08499999999999996447 1.30416666666666669627 1.52333333333333320603 1.74250000000000015987 1.96166666666666644758 2.18083333333333362347 1.39999999999999991118 1.61916666666666664298 1.83833333333333359683 2.05749999999999966249 2.27666666666666683838 2.49583333333333357018 1.71499999999999985789 1.93416666666666681174 2.15333333333333287740 2.37250000000000005329 2.59166666666666678509 
0.00000000000000000000 1.00000000000000000000 2.00000000000000000000 3.00000000000000000000 4.00000000000000000000 5.00000000000000000000 6.00000000000000000000 7.00000000000000000000 
0.00625000000000000035 0.01250000000000000069 0.01874999999999999931 0.02500000000000000139 0.03125000000000000000 0.03749999999999999861 0.04374999999999999722 0.05000000000000000278 0.05625000000000000139 0.06250000000000000000 0.06875000000000000555 0.07499999999999999722 0.08125000000000000278 0.08749999999999999445 0.09375000000000000000 0.10000000000000000555 0.10624999999999999722 0.11250000000000000278 0.11874999999999999445 0.12500000000000000000 0.13125000000000000555 0.13750000000000001110 0.14374999999999998890 0.14999999999999999445 0.15625000000000000000 0.16250000000000000555 0.16875000000000001110 0.17499999999999998890 0.18124999999999999445 0.18750000000000000000 0.19375000000000000555 0.20000000000000001110 0.20624999999999998890 0.21249999999999999445 0.21875000000000000000 0.22500000000000000555 0.23125000000000001110 0.23749999999999998890 0.24374999999999999445 0.25000000000000000000 
0.01250000000000000069 0.02500000000000000139 0.03749999999999999861 0.05000000000000000278 0.06250000000000000000 0.07499999999999999722 0.08749999999999999445 0.10000000000000000555 
0.00416666666666666661 0.00833333333333333322 0.01249999999999999896 0.01666666666666666644 0.02083333333333333218 0.02499999999999999792 0.02916666666666666366 0.03333333333333333287 0.03749999999999999861 0.04166666666666666435 0.04583333333333333703 0.04999999999999999584 0.05416666666666666852 0.05833333333333332732 0.06250000000000000000 0.06666666666666666574 0.07083333333333333148 0.07499999999999999722 0.07916666666666666297 0.08333333333333332871 0.08750000000000000833 0.09166666666666667407 0.09583333333333332593 0.09999999999999999167 0.10416666666666667129 0.10833333333333333703 0.11250000000000000278 0.11666666666666665464 0.12083333333333333426 0.12500000000000000000 0.12916666666666667962 0.13333333333333333148 0.13749999999999998335 0.14166666666666666297 0.14583333333333334259 0.14999999999999999445 0.15416666666666667407 0.15833333333333332593 0.16250000000000000555 0.16666666666666665741 
0.00000000000000000000 0.00000000000000000000 0.00000000000000000000 0.00000000000000000000 0.00000000000000000000 0.00000000000000000000 0.00000000000000000000 0.00000000000000000000 
0.50678949652777782742 3.01232899305555523739 3.23036848958333333570 3.68465798611111106098 4.04144748263888953232 4.48448697916666638719 5.10002647569444356179 5.63681597222222308119 5.85110546875000014921 6.64664496527777792778 6.77468446180555528002 7.64897395833333337833 8.00576345486111051741 8.50880295138888875783 9.15434244791666529295 9.49613194444444630449 9.87542144097222163168 10.61096093749999980105 11.09900043402777569668 11.58328993055555500291 11.43007942708333324333 12.77311892361111134164 13.17865842013888766360 13.74544791666666654351 13.92973741319444513920 14.54527690972222231380 15.12331640625000162004 15.84760590277777581036 16.11439539930555397973 16.70743489583333030168 16.87297439236111173955 17.70976388888889019313 17.95405338541666395713 18.71959288194444326336 19.17763237847222512755 19.55692187500000045475 20.07871137152777407664 20.67175086805555395131 21.04729036458333268911 21.34407986111111199534 
0.00312500000000000017 0.00625000000000000035 0.00937499999999999965 0.01250000000000000069 0.01562500000000000000 0.01874999999999999931 0.02187499999999999861 0.02500000000000000139 
0.00277777777777777788 0.00555555555555555577 0.00833333333333333322 0.01111111111111111154 0.01388888888888888812 0.01666666666666666644 0.01944444444444444475 0.02222222222222222307 0.02500000000000000139 0.02777777777777777624 0.03055555555555555802 0.03333333333333333287 0.03611111111111111466 0.03888888888888888951 0.04166666666666666435 0.04444444444444444614 0.04722222222222222099 0.05000000000000000278 0.05277777777777777762 0.05555555555555555247 0.05833333333333333426 0.06111111111111111605 0.06388888888888888395 0.06666666666666666574 0.06944444444444444753 0.07222222222222222932 0.07500000000000001110 0.07777777777777777901 0.08055555555555554692 0.08333333333333332871 0.08611111111111111049 0.08888888888888889228 0.09166666666666666019 0.09444444444444444198 0.09722222222222222376 0.10000000000000000555 0.10277777777777778734 0.10555555555555555525 0.10833333333333333703 0.11111111111111110494 
