3
40
8
1.50000000000000000000
1.19999999999999995559
0.20171875000000000222 1.20343750000000015987 1.20515624999999992895 1.20687500000000014211 1.20859374999999991118 1.21031249999999990230 2.21203125000000033751 2.21375000000000010658 2.21546875000000031974 2.21718750000000008882 2.21890625000000030198 3.22062500000000007105 3.22234375000000028422 3.22406249999999960920 3.22578125000000026645 3.22750000000000003553 4.22921875000000024869 4.23093750000000046185 4.23265624999999978684 4.23437500000000000000 4.23609375000000021316 5.23781250000000042633 5.23953124999999886313 5.24124999999999996447 5.24296875000000017764 5.24468750000000039080 6.24640625000000060396 6.24812499999999904077 6.24984375000000014211 6.25156250000000035527 6.25328125000000056843 7.25499999999999989342 7.25671874999999921840 7.25843750000000031974 7.26015625000000053291 7.26187499999999985789 8.26359375000000184741 8.26531249999999850786 8.26703124999999872102 8.26874999999999893419 
0.20802083333333334925 1.24104166666666682062 1.27406250000000009770 1.30708333333333337478 1.34010416666666665186 1.37312500000000015099 2.40614583333333298398 2.43916666666666692720 2.47218749999999998224 2.50520833333333303727 2.53822916666666698049 2.57125000000000047962 3.60427083333333309056 3.63729166666666658969 3.67031249999999964473 3.70333333333333358794 3.73635416666666708707 3.76937499999999969802 4.80239583333333275306 4.83541666666666625218 4.86843749999999975131 4.90145833333333413862 4.93447916666666674956 5.96750000000000024869 6.00052083333333285964 6.03354166666666635876 6.06656250000000074607 6.09958333333333335702 6.13260416666666685614 7.16562499999999946709 7.19864583333333296622 7.23166666666666735352 7.26468749999999996447 7.29770833333333346360 7.33072916666666607455 8.36375000000000135003 8.39677083333333484916 8.42979166666666479557 8.46281249999999829470 8.49583333333333357018 
0.21432291666666669627 1.27864583333333325932 1.34296874999999982236 1.40729166666666682950 1.47161458333333317050 1.53593749999999995559 1.60026041666666651864 2.66458333333333374782 2.72890625000000053291 2.79322916666666642982 2.85755208333333365900 2.92187500000000000000 2.98619791666666722918 3.05052083333333268200 4.11484375000000035527 4.17916666666666714036 4.24348958333333303727 4.30781250000000071054 4.37213541666666571928 4.43645833333333339255 4.50078125000000017764 5.56510416666666696273 5.62942708333333285964 5.69374999999999964473 5.75807291666666731800 5.82239583333333410309 5.88671875000000000000 6.95104166666666589691 7.01536458333333268200 7.07968750000000035527 7.14401041666666714036 7.20833333333333392545 7.27265624999999982236 7.33697916666666571928 8.40130208333333428072 8.46562500000000106581 8.52994791666666785090 8.59427083333333108328 8.65859374999999964473 8.72291666666666642982 
0.22062499999999998779 1.31624999999999992006 1.41187499999999999112 1.50750000000000006217 1.60312499999999991118 1.69874999999999998224 1.79437500000000005329 1.88999999999999990230 1.98562499999999997335 3.08124999999999982236 3.17687499999999989342 3.27249999999999996447 3.36812500000000003553 3.46375000000000010658 3.55937500000000017764 3.65499999999999980460 3.75062499999999987566 4.84625000000000039080 4.94187499999999957367 5.03749999999999964473 5.13312499999999971578 5.22874999999999978684 5.32437499999999985789 5.41999999999999992895 5.51562500000000000000 6.61125000000000007105 6.70687500000000014211 6.80250000000000021316 6.89812500000000028422 6.99375000000000035527 7.08937500000000042633 7.18499999999999960920 7.28062499999999968026 8.37625000000000063949 8.47187500000000071054 8.56750000000000078160 8.66312500000000085265 8.75874999999999914735 8.85437499999999921840 8.94999999999999928946 
0.22692708333333333481 1.35385416666666680285 1.48078125000000015987 1.60770833333333351689 1.73463541666666665186 1.86156249999999978684 1.98848958333333336590 2.11541666666666694496 2.24234375000000030198 2.36927083333333321491 2.49619791666666657193 3.62312499999999948486 3.75005208333333373005 3.87697916666666619889 4.00390625000000000000 4.13083333333333335702 4.25776041666666671404 4.38468750000000007105 4.51161458333333253989 4.63854166666666589691 4.76546875000000014211 5.89239583333333349913 6.01932291666666596797 6.14624999999999932498 6.27317708333333268200 6.40010416666666692720 6.52703125000000028422 6.65395833333333275306 6.78088541666666611007 6.90781249999999946709 7.03473958333333371229 8.16166666666666706931 8.28859375000000042633 8.41552083333333378334 8.54244791666666714036 8.66937500000000049738 8.79630208333333563075 8.92322916666666543506 9.05015624999999879208 9.17708333333333214910 
0.23322916666666668184 1.39145833333333346360 1.54968749999999988454 1.70791666666666674956 1.86614583333333339255 2.02437500000000003553 2.18260416666666667851 2.34083333333333332149 2.49906249999999996447 2.65729166666666705154 2.81552083333333369453 2.97374999999999989342 3.13197916666666698049 3.29020833333333317938 4.44843749999999982236 4.60666666666666646535 4.76489583333333310833 4.92312499999999975131 5.08135416666666728247 5.23958333333333392545 5.39781250000000056843 5.55604166666666721142 5.71427083333333296622 5.87250000000000049738 6.03072916666666714036 6.18895833333333378334 6.34718750000000042633 7.50541666666666618113 7.66364583333333371229 7.82187500000000035527 7.98010416666666699825 8.13833333333333364124 8.29656249999999850786 8.45479166666666515084 8.61302083333333179382 8.77125000000000021316 8.92947916666666685614 9.08770833333333172277 9.24593750000000014211 9.40416666666666678509 
0.23953125000000002887 1.42906250000000012434 1.61859375000000005329 1.80812499999999998224 1.99765625000000013323 2.18718749999999984013 2.37671874999999976907 2.56625000000000014211 2.75578125000000007105 2.94531250000000000000 3.13484375000000037303 3.32437500000000030198 3.51390624999999978684 3.70343749999999971578 3.89296874999999964473 4.08250000000000046185 4.27203124999999950262 4.46156250000000031974 4.65109375000000024869 4.84062500000000017764 5.03015625000000010658 6.21968750000000092371 6.40921874999999996447 6.59874999999999989342 6.78828124999999982236 6.97781249999999975131 7.16734375000000056843 7.35687499999999960920 7.54640624999999953815 7.73593749999999946709 7.92546874999999939604 8.11500000000000021316 8.30453124999999836575 8.49406249999999829470 8.68359375000000000000 8.87312499999999992895 9.06265624999999808153 9.25218750000000156319 9.44171874999999971578 9.63125000000000142109 
0.24583333333333334814 1.46666666666666656305 1.68750000000000000000 1.90833333333333343695 2.12916666666666642982 2.35000000000000008882 2.57083333333333330373 2.79166666666666696273 3.01250000000000017764 3.23333333333333339255 3.45416666666666705154 3.67499999999999982236 3.89583333333333348136 4.11666666666666625218 4.33750000000000035527 4.55833333333333357018 4.77916666666666589691 5.00000000000000000000 5.22083333333333321491 5.44166666666666731800 5.66250000000000053291 5.88333333333333374782 6.10416666666666607455 6.32499999999999928946 6.54583333333333339255 6.76666666666666660745 6.98750000000000071054 7.20833333333333303727 7.42916666666666625218 7.65000000000000035527 7.87083333333333357018 8.09166666666666678509 8.31249999999999822364 8.53333333333333321491 8.75416666666666642982 8.97499999999999964473 9.19583333333333285964 9.41666666666666607455 9.63750000000000106581 9.85833333333333428072 
32.00000000000000000000 33.00000000000000000000 34.00000000000000000000 35.00000000000000000000 36.00000000000000000000 37.00000000000000000000 38.00000000000000000000 39.00000000000000000000 
0.00625000000000000035 0.01250000000000000069 0.01874999999999999931 0.02500000000000000139 0.03125000000000000000 0.03749999999999999861 0.04374999999999999722 0.05000000000000000278 0.05625000000000000139 0.06250000000000000000 0.06875000000000000555 0.07499999999999999722 0.08125000000000000278 0.08749999999999999445 0.09375000000000000000 0.10000000000000000555 0.10624999999999999722 0.11250000000000000278 0.11874999999999999445 0.12500000000000000000 0.13125000000000000555 0.13750000000000001110 0.14374999999999998890 0.14999999999999999445 0.15625000000000000000 0.16250000000000000555 0.16875000000000001110 0.17499999999999998890 0.18124999999999999445 0.18750000000000000000 0.19375000000000000555 0.20000000000000001110 0.20624999999999998890 0.21249999999999999445 0.21875000000000000000 0.22500000000000000555 0.23125000000000001110 0.23749999999999998890 0.24374999999999999445 0.25000000000000000000 
0.41249999999999997780 0.42499999999999998890 0.43750000000000000000 0.45000000000000001110 0.46250000000000002220 0.47499999999999997780 0.48749999999999998890 0.50000000000000000000 
0.00416666666666666661 0.00833333333333333322 0.01249999999999999896 0.01666666666666666644 0.02083333333333333218 0.02499999999999999792 0.02916666666666666366 0.03333333333333333287 0.03749999999999999861 0.04166666666666666435 0.04583333333333333703 0.04999999999999999584 0.05416666666666666852 0.05833333333333332732 0.06250000000000000000 0.06666666666666666574 0.07083333333333333148 0.07499999999999999722 0.07916666666666666297 0.08333333333333332871 0.08750000000000000833 0.09166666666666667407 0.09583333333333332593 0.09999999999999999167 0.10416666666666667129 0.10833333333333333703 0.11250000000000000278 0.11666666666666665464 0.12083333333333333426 0.12500000000000000000 0.12916666666666667962 0.13333333333333333148 0.13749999999999998335 0.14166666666666666297 0.14583333333333334259 0.14999999999999999445 0.15416666666666667407 0.15833333333333332593 0.16250000000000000555 0.16666666666666665741 
0.00000000000000000000 0.00000000000000000000 0.00000000000000000000 0.00000000000000000000 0.00000000000000000000 0.00000000000000000000 0.00000000000000000000 0.00000000000000000000 
0.50678949652777782742 3.01232899305555523739 3.23036848958333333570 3.68465798611111106098 4.04144748263888953232 4.48448697916666638719 5.10002647569444356179 5.63681597222222308119 5.85110546875000014921 6.64664496527777792778 6.77468446180555528002 7.64897395833333337833 8.00576345486111051741 8.50880295138888875783 9.15434244791666529295 9.49613194444444630449 9.87542144097222163168 10.61096093749999980105 11.09900043402777569668 11.58328993055555500291 11.43007942708333324333 12.77311892361111134164 13.17865842013888766360 13.74544791666666654351 13.92973741319444513920 14.54527690972222231380 15.12331640625000162004 15.84760590277777581036 16.11439539930555397973 16.70743489583333030168 16.87297439236111173955 17.70976388888889019313 17.95405338541666395713 18.71959288194444326336 19.17763237847222512755 19.55692187500000045475 20.07871137152777407664 20.67175086805555395131 21.04729036458333268911 21.34407986111111199534 
0.10312499999999999445 0.10624999999999999722 0.10937500000000000000 0.11250000000000000278 0.11562500000000000555 0.11874999999999999445 0.12187499999999999722 0.12500000000000000000 
0.00277777777777777788 0.00555555555555555577 0.00833333333333333322 0.01111111111111111154 0.01388888888888888812 0.01666666666666666644 0.01944444444444444475 0.02222222222222222307 0.02500000000000000139 0.02777777777777777624 0.03055555555555555802 0.03333333333333333287 0.03611111111111111466 0.03888888888888888951 0.04166666666666666435 0.04444444444444444614 0.04722222222222222099 0.05000000000000000278 0.05277777777777777762 0.05555555555555555247 0.05833333333333333426 0.06111111111111111605 0.06388888888888888395 0.06666666666666666574 0.06944444444444444753 0.07222222222222222932 0.07500000000000001110 0.07777777777777777901 0.08055555555555554692 0.08333333333333332871 0.08611111111111111049 0.08888888888888889228 0.09166666666666666019 0.09444444444444444198 0.09722222222222222376 0.10000000000000000555 0.10277777777777778734 0.10555555555555555525 0.10833333333333333703 0.11111111111111110494 
