3
40
8
1.50000000000000000000
1.19999999999999995559
0.10088541666666667185 0.60177083333333347692 1.10265625000000011546 0.60354166666666675400 1.10442708333333339255 0.60531250000000003109 1.10619791666666666963 1.60708333333333341919 1.10796875000000016875 1.60885416666666669627 1.10973958333333344584 1.61062500000000019540 2.11151041666666694496 1.61239583333333325044 2.11328125000000000000 1.61416666666666674956 2.11505208333333349913 2.61593750000000024869 2.11682291666666655416 2.61770833333333330373 2.11859375000000005329 2.61947916666666680285 3.12036458333333310833 2.62125000000000030198 3.12213541666666660745 2.62302083333333335702 3.12390625000000010658 3.62479166666666641206 3.12567708333333360571 3.62656249999999991118 3.12744791666666666075 3.62833333333333341031 4.12921874999999971578 3.63010416666666690944 4.13098958333333321491 3.63187499999999996447 4.13276041666666760221 4.63364583333333257542 4.13453124999999932498 4.63541666666666607455 
0.10718750000000000500 0.63937499999999991562 1.17156250000000006217 0.70375000000000009770 1.23593749999999991118 0.76812499999999994671 1.30031249999999998224 1.83250000000000023981 1.36468750000000027534 1.89687499999999986677 1.42906250000000012434 1.96124999999999993783 1.49343750000000019540 2.02562499999999978684 2.55781250000000026645 2.09000000000000030198 2.62218750000000033751 2.15437500000000037303 2.68656249999999952038 2.21875000000000000000 2.75093750000000003553 3.28312500000000007105 2.81531249999999966249 3.34749999999999969802 2.87968750000000017764 3.41187500000000021316 2.94406250000000024869 3.47624999999999984013 4.00843749999999943157 3.54062500000000035527 4.07281250000000039080 3.60499999999999998224 4.13718749999999957367 3.66937499999999960920 4.20156250000000053291 4.73375000000000056843 4.26593750000000060396 4.79812499999999886313 4.33031249999999978684 4.86249999999999982236 
0.11348958333333333814 0.67697916666666668739 1.24046875000000000888 0.80395833333333333037 1.36744791666666665186 0.93093749999999997335 1.49442708333333307280 1.05791666666666661634 1.62140624999999971578 1.18489583333333348136 1.74838541666666680285 2.31187499999999968026 1.87536458333333366788 2.43885416666666632324 2.00234375000000008882 2.56583333333333296622 2.12932291666666628771 2.69281249999999960920 2.25630208333333293069 2.81979166666666669627 2.38328125000000046185 2.94677083333333378334 3.51026041666666666075 3.07374999999999998224 3.63723958333333330373 3.20072916666666706931 3.76421874999999994671 3.32770833333333326820 3.89119791666666658969 3.45468749999999991118 4.01817708333333367676 4.58166666666666611007 4.14515624999999943157 4.70864583333333275306 4.27213541666666607455 4.83562499999999939604 4.39911458333333360571 4.96260416666666692720 4.52609375000000024869 5.08958333333333357018 
0.11979166666666667129 0.71458333333333334814 1.30937499999999995559 0.90416666666666667407 1.49895833333333317050 1.09375000000000000000 1.68854166666666660745 1.28333333333333343695 1.87812500000000004441 1.47291666666666665186 2.06770833333333348136 1.66250000000000008882 2.25729166666666669627 1.85208333333333330373 2.44687499999999991118 2.04166666666666696273 2.63645833333333312609 2.23125000000000017764 2.82604166666666722918 2.42083333333333339255 3.01562500000000000000 3.61041666666666705154 3.20520833333333321491 3.80000000000000026645 3.39479166666666642982 3.98958333333333303727 3.58437500000000053291 4.17916666666666625218 3.77395833333333330373 4.36875000000000035527 3.96354166666666651864 4.55833333333333357018 4.15312499999999928946 4.74791666666666589691 4.34270833333333339255 4.93750000000000000000 4.53229166666666571928 5.12708333333333410309 4.72187499999999982236 5.31666666666666731800 
0.12609375000000000444 0.75218750000000000888 0.37828125000000001332 1.00437500000000001776 0.63046875000000002220 1.25656250000000002665 0.88265625000000003109 1.50875000000000003553 1.13484374999999992895 1.76093750000000004441 1.38703124999999993783 2.01312500000000005329 1.63921874999999994671 2.26531249999999984013 1.89140624999999995559 2.51750000000000007105 2.14359374999999996447 2.76968749999999985789 2.39578125000000019540 3.02187500000000008882 2.64796874999999998224 3.27406249999999987566 2.90015625000000021316 3.52625000000000010658 3.15234375000000000000 3.77843749999999989342 3.40453124999999978684 4.03062499999999968026 3.65671875000000001776 4.28281250000000035527 3.90890624999999980460 4.53500000000000014211 4.16109375000000003553 4.78718749999999992895 4.41328124999999982236 5.03937499999999971578 4.66546874999999960920 5.29156250000000039080 4.91765625000000028422 5.54375000000000017764 
0.13239583333333335147 0.78979166666666678065 0.44718749999999996003 1.10458333333333347248 0.76197916666666665186 1.41937500000000005329 1.07677083333333323267 1.73416666666666685614 1.39156250000000003553 2.04895833333333321491 1.70635416666666683838 2.36375000000000001776 2.02114583333333364124 2.67854166666666637653 2.33593750000000000000 2.99333333333333362347 2.65072916666666635876 3.30812500000000042633 2.96552083333333360571 3.62291666666666678509 3.28031249999999996447 2.93770833333333358794 3.59510416666666632324 3.25249999999999994671 3.90989583333333357018 3.56729166666666674956 4.22468750000000081712 3.88208333333333310833 4.53947916666666628771 4.19687499999999946709 4.85427083333333353465 4.51166666666666760221 5.16906249999999989342 4.82645833333333307280 5.48385416666666625218 5.14125000000000031974 5.79864583333333349913 5.45604166666666667851 6.11343749999999985789 5.77083333333333303727 
0.13869791666666667074 0.82739583333333344140 0.51609374999999990674 1.20479166666666692720 0.89348958333333328152 1.58218749999999985789 1.27088541666666654528 1.95958333333333345472 1.64828125000000014211 2.33697916666666705154 2.02567708333333351689 1.71437499999999998224 2.40307291666666689167 2.09177083333333291293 2.78046875000000026645 2.46916666666666673180 3.15786458333333364124 2.84656250000000010658 3.53526041666666657193 3.22395833333333348136 2.91265625000000039080 3.60135416666666685614 3.29005208333333287740 3.97874999999999978684 3.66744791666666669627 4.35614583333333360571 4.04484375000000007105 4.73354166666666564822 4.42223958333333388993 5.11093750000000035527 4.79963541666666682062 4.48833333333333328596 5.17703124999999886313 4.86572916666666710483 5.55442708333333357018 5.24312500000000003553 5.93182291666666650087 5.62052083333333296622 6.30921875000000031974 5.99791666666666678509 
0.14500000000000001776 0.86499999999999999112 0.58499999999999996447 1.30499999999999993783 1.02500000000000013323 1.74499999999999988454 1.46499999999999985789 1.18500000000000005329 1.90499999999999980460 1.62500000000000000000 2.34499999999999975131 2.06499999999999994671 2.78500000000000014211 2.50499999999999989342 2.22499999999999964473 2.94500000000000028422 2.66500000000000047962 3.38499999999999978684 3.10499999999999998224 3.82499999999999973355 3.54500000000000037303 3.26500000000000012434 3.98499999999999987566 3.70499999999999962697 4.42499999999999982236 4.14500000000000046185 4.86500000000000021316 4.58499999999999996447 4.30499999999999971578 5.02499999999999946709 4.74500000000000010658 5.46500000000000074607 5.18499999999999960920 5.90500000000000024869 5.62500000000000000000 5.34499999999999975131 6.06500000000000039080 5.78500000000000014211 6.50499999999999989342 6.22499999999999964473 
16.00000000000000000000 17.00000000000000000000 18.00000000000000000000 19.00000000000000000000 20.00000000000000000000 21.00000000000000000000 22.00000000000000000000 23.00000000000000000000 
0.00625000000000000035 0.01250000000000000069 0.01874999999999999931 0.02500000000000000139 0.03125000000000000000 0.03749999999999999861 0.04374999999999999722 0.05000000000000000278 0.05625000000000000139 0.06250000000000000000 0.06875000000000000555 0.07499999999999999722 0.08125000000000000278 0.08749999999999999445 0.09375000000000000000 0.10000000000000000555 0.10624999999999999722 0.11250000000000000278 0.11874999999999999445 0.12500000000000000000 0.13125000000000000555 0.13750000000000001110 0.14374999999999998890 0.14999999999999999445 0.15625000000000000000 0.16250000000000000555 0.16875000000000001110 0.17499999999999998890 0.18124999999999999445 0.18750000000000000000 0.19375000000000000555 0.20000000000000001110 0.20624999999999998890 0.21249999999999999445 0.21875000000000000000 0.22500000000000000555 0.23125000000000001110 0.23749999999999998890 0.24374999999999999445 0.25000000000000000000 
0.21249999999999999445 0.22500000000000000555 0.23749999999999998890 0.25000000000000000000 0.26250000000000001110 0.27500000000000002220 0.28749999999999997780 0.29999999999999998890 
0.00416666666666666661 0.00833333333333333322 0.01249999999999999896 0.01666666666666666644 0.02083333333333333218 0.02499999999999999792 0.02916666666666666366 0.03333333333333333287 0.03749999999999999861 0.04166666666666666435 0.04583333333333333703 0.04999999999999999584 0.05416666666666666852 0.05833333333333332732 0.06250000000000000000 0.06666666666666666574 0.07083333333333333148 0.07499999999999999722 0.07916666666666666297 0.08333333333333332871 0.08750000000000000833 0.09166666666666667407 0.09583333333333332593 0.09999999999999999167 0.10416666666666667129 0.10833333333333333703 0.11250000000000000278 0.11666666666666665464 0.12083333333333333426 0.12500000000000000000 0.12916666666666667962 0.13333333333333333148 0.13749999999999998335 0.14166666666666666297 0.14583333333333334259 0.14999999999999999445 0.15416666666666667407 0.15833333333333332593 0.16250000000000000555 0.16666666666666665741 
0.00000000000000000000 0.00000000000000000000 0.00000000000000000000 0.00000000000000000000 0.00000000000000000000 0.00000000000000000000 0.00000000000000000000 0.00000000000000000000 
0.50678949652777782742 3.01232899305555523739 3.23036848958333333570 3.68465798611111106098 4.04144748263888953232 4.48448697916666638719 5.10002647569444356179 5.63681597222222308119 5.85110546875000014921 6.64664496527777792778 6.77468446180555528002 7.64897395833333337833 8.00576345486111051741 8.50880295138888875783 9.15434244791666529295 9.49613194444444630449 9.87542144097222163168 10.61096093749999980105 11.09900043402777569668 11.58328993055555500291 11.43007942708333324333 12.77311892361111134164 13.17865842013888766360 13.74544791666666654351 13.92973741319444513920 14.54527690972222231380 15.12331640625000162004 15.84760590277777581036 16.11439539930555397973 16.70743489583333030168 16.87297439236111173955 17.70976388888889019313 17.95405338541666395713 18.71959288194444326336 19.17763237847222512755 19.55692187500000045475 20.07871137152777407664 20.67175086805555395131 21.04729036458333268911 21.34407986111111199534 
0.05312499999999999861 0.05625000000000000139 0.05937499999999999722 0.06250000000000000000 0.06562500000000000278 0.06875000000000000555 0.07187499999999999445 0.07499999999999999722 
0.00277777777777777788 0.00555555555555555577 0.00833333333333333322 0.01111111111111111154 0.01388888888888888812 0.01666666666666666644 0.01944444444444444475 0.02222222222222222307 0.02500000000000000139 0.02777777777777777624 0.03055555555555555802 0.03333333333333333287 0.03611111111111111466 0.03888888888888888951 0.04166666666666666435 0.04444444444444444614 0.04722222222222222099 0.05000000000000000278 0.05277777777777777762 0.05555555555555555247 0.05833333333333333426 0.06111111111111111605 0.06388888888888888395 0.06666666666666666574 0.06944444444444444753 0.07222222222222222932 0.07500000000000001110 0.07777777777777777901 0.08055555555555554692 0.08333333333333332871 0.08611111111111111049 0.08888888888888889228 0.09166666666666666019 0.09444444444444444198 0.09722222222222222376 0.10000000000000000555 0.10277777777777778734 0.10555555555555555525 0.10833333333333333703 0.11111111111111110494 
