3
40
8
1.50000000000000000000
1.19999999999999995559
0.05046874999999999972 0.30093750000000002442 0.55140625000000009770 0.80187500000000000444 1.05234375000000013323 0.30281249999999998446 0.55328125000000005773 0.80375000000000007550 1.05421874999999998224 1.30468750000000000000 0.55515625000000001776 0.80562500000000003553 1.05609375000000005329 1.30656249999999984901 1.55703125000000008882 0.80749999999999999556 1.05796875000000012434 1.30843750000000014211 1.55890624999999971578 1.80937499999999995559 1.05984374999999997335 1.31031249999999999112 1.56078124999999978684 1.81124999999999980460 2.06171874999999982236 1.31218750000000006217 1.56265625000000007994 1.81312499999999987566 2.06359374999999989342 2.31406249999999991118 1.56453125000000015099 1.81499999999999994671 2.06546874999999996447 2.31593749999999998224 2.56640625000000000000 1.81687500000000001776 2.06734375000000047962 2.31781249999999960920 2.56828124999999962697 2.81874999999999964473 
0.05677083333333333287 0.33854166666666668517 0.62031250000000004441 0.90208333333333334814 1.18385416666666665186 0.46562499999999995559 0.74739583333333325932 1.02916666666666656305 1.31093749999999986677 0.59270833333333339255 0.87447916666666669627 1.15625000000000000000 1.43802083333333330373 1.71979166666666660745 1.00156249999999991118 1.28333333333333321491 1.56510416666666651864 1.84687499999999982236 1.12864583333333334814 1.41041666666666665186 1.69218750000000017764 1.97395833333333325932 2.25572916666666678509 1.53749999999999986677 1.81927083333333317050 2.10104166666666714036 2.38281250000000000000 1.66458333333333330373 1.94635416666666660745 2.22812499999999991118 2.50989583333333365900 2.79166666666666651864 2.07343749999999982236 2.35520833333333312609 2.63697916666666642982 2.91874999999999973355 2.20052083333333348136 2.48229166666666678509 2.76406250000000053291 3.04583333333333339255 
0.06307291666666667296 0.37614583333333334592 0.68921874999999999112 1.00229166666666658081 0.31536458333333333703 0.62843749999999998224 0.94151041666666668295 1.25458333333333338366 0.56765624999999997335 0.88072916666666667407 1.19380208333333337478 1.50687499999999996447 0.81994791666666666519 1.13302083333333336590 1.44609374999999995559 1.75916666666666676733 1.07223958333333335702 1.38531249999999994671 1.69838541666666675845 2.01145833333333312609 1.32453124999999993783 1.63760416666666674956 1.95067708333333333925 2.26374999999999992895 1.57682291666666674068 1.88989583333333333037 2.20296875000000014211 2.51604166666666673180 1.82911458333333332149 2.14218749999999991118 2.45526041666666650087 2.76833333333333353465 2.08140625000000012434 2.39447916666666671404 2.70755208333333330373 3.02062499999999989342 2.33369791666666648311 2.64677083333333351689 2.95984375000000010658 3.27291666666666669627 
0.06937500000000000611 0.41375000000000000666 0.75812500000000004885 1.10250000000000003553 0.44687499999999996669 0.79125000000000000888 1.13562500000000010658 1.47999999999999998224 0.82437500000000007994 1.16875000000000017764 1.51312500000000005329 0.85749999999999992895 1.20187500000000002665 1.54624999999999990230 1.89062500000000000000 1.23500000000000009770 1.57937500000000019540 1.92375000000000007105 2.26812499999999950262 1.61250000000000004441 1.95687500000000014211 2.30125000000000001776 1.64562499999999989342 1.98999999999999976907 2.33437500000000008882 2.67874999999999996447 2.02312500000000028422 2.36749999999999971578 2.71187499999999959144 3.05624999999999991118 2.40062500000000023093 2.74500000000000010658 3.08937499999999953815 2.43375000000000030198 2.77812500000000017764 3.12250000000000005329 3.46687499999999992895 2.81124999999999980460 3.15562500000000012434 3.50000000000000000000 
0.07567708333333333925 0.45135416666666666741 0.82703124999999999556 1.20270833333333349024 0.57838541666666665186 0.95406249999999992450 1.32973958333333319715 0.70541666666666669183 1.08109375000000018652 1.45677083333333334814 0.83244791666666673180 1.20812499999999989342 1.58380208333333349913 1.95947916666666643870 1.33515625000000004441 1.71083333333333342807 2.08651041666666703378 1.46218750000000019540 1.83786458333333313497 2.21354166666666696273 1.58921875000000012434 1.96489583333333350801 2.34057291666666644758 2.71624999999999960920 2.09192708333333365900 2.46760416666666682062 2.84328124999999998224 2.21895833333333314386 2.59463541666666630547 2.97031250000000035527 2.34598958333333351689 2.72166666666666667851 3.09734374999999984013 3.47302083333333300175 2.84869791666666705154 3.22437500000000021316 3.60005208333333337478 2.97572916666666653640 3.35140624999999969802 3.72708333333333330373 
0.08197916666666667240 0.48895833333333338366 0.89593750000000005329 1.30291666666666672292 0.70989583333333339255 1.11687500000000006217 1.52385416666666650976 0.93083333333333340143 1.33781250000000007105 1.74479166666666674068 1.15177083333333341031 1.55874999999999985789 1.96572916666666697161 1.37270833333333341919 1.77968750000000008882 2.18666666666666653640 1.59364583333333320603 2.00062500000000031974 2.40760416666666632324 1.81458333333333343695 2.22156249999999966249 2.62854166666666655416 2.03552083333333300175 2.44249999999999989342 2.84947916666666634100 2.25645833333333367676 2.66343750000000012434 3.07041666666666657193 2.47739583333333301951 2.88437499999999991118 3.29135416666666680285 2.69833333333333369453 3.10531249999999969802 3.51229166666666658969 2.91927083333333303727 3.32625000000000037303 3.73322916666666637653 3.14020833333333326820 3.54718749999999971578 3.95416666666666660745 
0.08828125000000000555 0.52656250000000004441 0.96484374999999988898 0.40312500000000001110 0.84140625000000002220 1.27968749999999986677 0.71796874999999993339 1.15625000000000022204 1.59453124999999995559 1.03281249999999991118 1.47109375000000008882 1.90937499999999982236 1.34765625000000000000 1.78593749999999995559 2.22421874999999991118 1.66250000000000008882 2.10078124999999982236 2.53906250000000000000 1.97734374999999995559 2.41562499999999991118 1.85390625000000008882 2.29218750000000026645 2.73046874999999955591 2.16874999999999973355 2.60703124999999991118 3.04531250000000008882 2.48359375000000026645 2.92187500000000000000 3.36015625000000017764 2.79843749999999991118 3.23671875000000008882 3.67500000000000026645 3.11328125000000000000 3.55156250000000017764 3.98984374999999991118 3.42812500000000008882 3.86640625000000026645 4.30468749999999911182 3.74296874999999973355 4.18125000000000035527 
0.09458333333333333870 0.56416666666666670515 1.03374999999999994671 0.50333333333333329929 0.97291666666666665186 1.44249999999999989342 0.91208333333333335702 1.38166666666666659857 0.85124999999999995115 1.32083333333333330373 1.79041666666666676733 1.26000000000000000888 1.72958333333333325044 2.19916666666666671404 1.66874999999999995559 2.13833333333333319715 1.60791666666666666075 2.07750000000000012434 2.54708333333333314386 2.01666666666666660745 2.48625000000000007105 2.95583333333333353465 2.42541666666666655416 2.89500000000000001776 2.36458333333333348136 2.83416666666666650087 3.30374999999999996447 2.77333333333333342807 3.24291666666666689167 3.71249999999999991118 3.18208333333333337478 3.65166666666666683838 3.12124999999999985789 3.59083333333333332149 4.06041666666666678509 3.52999999999999980460 3.99958333333333326820 4.46916666666666628771 3.93875000000000019540 4.40833333333333321491 
8.00000000000000000000 9.00000000000000000000 10.00000000000000000000 11.00000000000000000000 12.00000000000000000000 13.00000000000000000000 14.00000000000000000000 15.00000000000000000000 
0.00625000000000000035 0.01250000000000000069 0.01874999999999999931 0.02500000000000000139 0.03125000000000000000 0.03749999999999999861 0.04374999999999999722 0.05000000000000000278 0.05625000000000000139 0.06250000000000000000 0.06875000000000000555 0.07499999999999999722 0.08125000000000000278 0.08749999999999999445 0.09375000000000000000 0.10000000000000000555 0.10624999999999999722 0.11250000000000000278 0.11874999999999999445 0.12500000000000000000 0.13125000000000000555 0.13750000000000001110 0.14374999999999998890 0.14999999999999999445 0.15625000000000000000 0.16250000000000000555 0.16875000000000001110 0.17499999999999998890 0.18124999999999999445 0.18750000000000000000 0.19375000000000000555 0.20000000000000001110 0.20624999999999998890 0.21249999999999999445 0.21875000000000000000 0.22500000000000000555 0.23125000000000001110 0.23749999999999998890 0.24374999999999999445 0.25000000000000000000 
0.11250000000000000278 0.12500000000000000000 0.13750000000000001110 0.14999999999999999445 0.16250000000000000555 0.17499999999999998890 0.18750000000000000000 0.20000000000000001110 
0.00416666666666666661 0.00833333333333333322 0.01249999999999999896 0.01666666666666666644 0.02083333333333333218 0.02499999999999999792 0.02916666666666666366 0.03333333333333333287 0.03749999999999999861 0.04166666666666666435 0.04583333333333333703 0.04999999999999999584 0.05416666666666666852 0.05833333333333332732 0.06250000000000000000 0.06666666666666666574 0.07083333333333333148 0.07499999999999999722 0.07916666666666666297 0.08333333333333332871 0.08750000000000000833 0.09166666666666667407 0.09583333333333332593 0.09999999999999999167 0.10416666666666667129 0.10833333333333333703 0.11250000000000000278 0.11666666666666665464 0.12083333333333333426 0.12500000000000000000 0.12916666666666667962 0.13333333333333333148 0.13749999999999998335 0.14166666666666666297 0.14583333333333334259 0.14999999999999999445 0.15416666666666667407 0.15833333333333332593 0.16250000000000000555 0.16666666666666665741 
0.00000000000000000000 0.00000000000000000000 0.00000000000000000000 0.00000000000000000000 0.00000000000000000000 0.00000000000000000000 0.00000000000000000000 0.00000000000000000000 
0.50678949652777782742 3.01232899305555523739 3.23036848958333333570 3.68465798611111106098 4.04144748263888953232 4.48448697916666638719 5.10002647569444356179 5.63681597222222308119 5.85110546875000014921 6.64664496527777792778 6.77468446180555528002 7.64897395833333337833 8.00576345486111051741 8.50880295138888875783 9.15434244791666529295 9.49613194444444630449 9.87542144097222163168 10.61096093749999980105 11.09900043402777569668 11.58328993055555500291 11.43007942708333324333 12.77311892361111134164 13.17865842013888766360 13.74544791666666654351 13.92973741319444513920 14.54527690972222231380 15.12331640625000162004 15.84760590277777581036 16.11439539930555397973 16.70743489583333030168 16.87297439236111173955 17.70976388888889019313 17.95405338541666395713 18.71959288194444326336 19.17763237847222512755 19.55692187500000045475 20.07871137152777407664 20.67175086805555395131 21.04729036458333268911 21.34407986111111199534 
0.02812500000000000069 0.03125000000000000000 0.03437500000000000278 0.03749999999999999861 0.04062500000000000139 0.04374999999999999722 0.04687500000000000000 0.05000000000000000278 
0.00277777777777777788 0.00555555555555555577 0.00833333333333333322 0.01111111111111111154 0.01388888888888888812 0.01666666666666666644 0.01944444444444444475 0.02222222222222222307 0.02500000000000000139 0.02777777777777777624 0.03055555555555555802 0.03333333333333333287 0.03611111111111111466 0.03888888888888888951 0.04166666666666666435 0.04444444444444444614 0.04722222222222222099 0.05000000000000000278 0.05277777777777777762 0.05555555555555555247 0.05833333333333333426 0.06111111111111111605 0.06388888888888888395 0.06666666666666666574 0.06944444444444444753 0.07222222222222222932 0.07500000000000001110 0.07777777777777777901 0.08055555555555554692 0.08333333333333332871 0.08611111111111111049 0.08888888888888889228 0.09166666666666666019 0.09444444444444444198 0.09722222222222222376 0.10000000000000000555 0.10277777777777778734 0.10555555555555555525 0.10833333333333333703 0.11111111111111110494 
