3
40
8
1.50000000000000000000
1.19999999999999995559
0.15130208333333336479 0.90260416666666665186 0.65390624999999991118 1.40520833333333339255 1.15651041666666665186 0.90781249999999991118 1.65911458333333317050 1.41041666666666687391 2.16171875000000035527 1.91302083333333317050 1.66432291666666687391 2.41562499999999991118 2.16692708333333383663 2.91822916666666598573 2.66953124999999991118 2.42083333333333383663 3.17213541666666642982 2.92343750000000035527 3.67473958333333294846 3.42604166666666642982 3.17734375000000035527 3.92864583333333383663 3.67994791666666642982 4.43124999999999946709 4.18255208333333339255 3.93385416666666687391 4.68515625000000035527 4.43645833333333250437 5.18776041666666642982 4.93906250000000035527 4.69036458333333339255 5.44166666666666731800 5.19296874999999946709 5.94427083333333250437 5.69557291666666731800 5.44687500000000035527 6.19817708333333339255 5.94947916666666642982 6.70078124999999946709 6.45208333333333339255 
0.15760416666666665630 0.94020833333333331261 0.72281249999999996891 1.50541666666666662522 1.28802083333333339255 1.07062499999999993783 1.85322916666666670515 1.63583333333333325044 1.41843750000000001776 2.20104166666666678509 1.98364583333333355242 2.76624999999999987566 2.54885416666666664298 2.33145833333333341031 3.11406250000000017764 2.89666666666666650087 2.67927083333333326820 3.46187500000000003553 3.24447916666666680285 4.02708333333333357018 3.80968749999999989342 3.59229166666666710483 4.37489583333333342807 4.15749999999999975131 3.94010416666666651864 4.72270833333333328596 4.50531249999999960920 5.28791666666666682062 5.07052083333333314386 4.85312500000000035527 5.63572916666666667851 5.41833333333333300175 5.20093750000000021316 5.98354166666666653640 5.76614583333333374782 6.54875000000000007105 6.33135416666666639429 6.11395833333333360571 6.89656249999999992895 6.67916666666666625218 
0.16390625000000000333 0.97781250000000008438 0.79171875000000002665 1.60562500000000007994 1.41953125000000013323 1.23343750000000018652 2.04734375000000001776 1.86125000000000007105 1.67515625000000012434 2.48906250000000017764 2.30296875000000023093 2.11687500000000028422 2.93078125000000033751 2.74468749999999994671 2.55859375000000000000 3.37250000000000005329 3.18640624999999966249 3.00031250000000015987 3.81421874999999976907 3.62812500000000026645 3.44203124999999987566 4.25593750000000081712 4.06984374999999953815 4.88375000000000003553 4.69765624999999964473 4.51156250000000014211 5.32546875000000063949 5.13937499999999936051 4.95328124999999985789 5.76718749999999946709 5.58109375000000085265 5.39500000000000046185 6.20890625000000007105 6.02281249999999968026 5.83671874999999928946 6.65062500000000067502 6.46453125000000028422 6.27843749999999989342 7.09234374999999950262 6.90625000000000000000 
0.17020833333333335036 1.01541666666666685614 0.86062499999999997335 0.70583333333333342363 1.55104166666666665186 1.39624999999999999112 1.24145833333333333037 2.08666666666666689167 1.93187500000000023093 1.77708333333333334814 2.62229166666666690944 2.46749999999999980460 2.31270833333333358794 3.15791666666666648311 3.00312500000000026645 2.84833333333333360571 3.69354166666666694496 3.53875000000000028422 3.38395833333333317938 4.22916666666666696273 4.07437499999999985789 3.91958333333333364124 4.76479166666666564822 4.61000000000000031974 4.45520833333333321491 5.30041666666666699825 5.14562499999999989342 4.99083333333333278858 5.83604166666666657193 5.68125000000000035527 5.52645833333333325044 6.37166666666666703378 6.21687499999999904077 6.06208333333333371229 6.90729166666666660745 6.75250000000000039080 6.59770833333333328596 7.44291666666666618113 7.28812499999999996447 7.13333333333333374782 
0.17651041666666666963 1.05302083333333329485 0.92953125000000003109 0.80604166666666665630 1.68255208333333339255 1.55906250000000001776 1.43557291666666642094 2.31208333333333371229 2.18859374999999989342 2.06510416666666651864 1.94161458333333358794 2.81812499999999976907 2.69463541666666639429 2.57114583333333301951 3.44765624999999964473 3.32416666666666671404 3.20067708333333378334 4.07718749999999996447 3.95369791666666658969 3.83020833333333321491 3.70671875000000028422 4.58322916666666735352 4.45973958333333353465 4.33624999999999971578 5.21276041666666678509 5.08927083333333296622 4.96578125000000092371 5.84229166666666621666 5.71880208333333328596 5.59531249999999946709 5.47182291666666653640 6.34833333333333360571 6.22484374999999978684 6.10135416666666685614 6.97786458333333303727 6.85437500000000010658 6.73088541666666717589 7.60739583333333335702 7.48390624999999953815 7.36041666666666660745 
0.18281250000000001665 1.09062499999999995559 0.99843749999999986677 0.90625000000000011102 1.81406249999999991118 1.72187499999999982236 1.62968749999999995559 1.53750000000000008882 2.44531250000000044409 2.35312499999999991118 2.26093750000000026645 3.16874999999999973355 3.07656250000000053291 2.98437499999999955591 2.89218749999999991118 3.80000000000000026645 3.70781249999999973355 3.61562500000000053291 3.52343749999999955591 4.43125000000000035527 4.33906250000000071054 4.24687500000000017764 5.15468749999999964473 5.06249999999999911182 4.97031250000000035527 4.87812500000000071054 5.78593750000000017764 5.69374999999999964473 5.60156249999999911182 5.50937500000000035527 6.41718750000000071054 6.32500000000000017764 6.23281249999999964473 7.14062499999999911182 7.04843750000000035527 6.95625000000000071054 6.86406250000000017764 7.77187499999999964473 7.67968749999999911182 7.58750000000000035527 
0.18911458333333333592 1.12822916666666661634 1.06734375000000003553 1.00645833333333323267 0.94557291666666665186 1.88468750000000007105 1.82380208333333326820 1.76291666666666668739 1.70203125000000010658 2.64114583333333330373 2.58026041666666650087 2.51937500000000014211 2.45848958333333333925 3.39760416666666653640 3.33671875000000017764 3.27583333333333337478 3.21494791666666657193 4.15406250000000021316 4.09317708333333296622 4.03229166666666660745 3.97140624999999980460 4.91052083333333300175 4.84963541666666664298 4.78875000000000028422 4.72786458333333303727 5.66697916666666667851 5.60609375000000031974 5.54520833333333307280 5.48432291666666671404 6.42343750000000035527 6.36255208333333310833 6.30166666666666674956 6.24078125000000039080 7.17989583333333314386 7.11901041666666678509 7.05812500000000042633 6.99723958333333317938 7.93635416666666682062 7.87546874999999957367 7.81458333333333321491 
0.19541666666666668295 1.16583333333333349913 1.13624999999999998224 1.10666666666666668739 1.07708333333333339255 2.04749999999999943157 2.01791666666666680285 1.98833333333333350801 1.95874999999999999112 2.92916666666666669627 2.89958333333333362347 2.86999999999999966249 2.84041666666666658969 2.81083333333333351689 3.78125000000000000000 3.75166666666666692720 3.72208333333333296622 3.69249999999999989342 4.66291666666666593244 4.63333333333333285964 4.60375000000000067502 4.57416666666666760221 4.54458333333333275306 5.51499999999999968026 5.48541666666666660745 5.45583333333333353465 5.42625000000000046185 6.39666666666666650087 6.36708333333333342807 6.33749999999999946709 6.30791666666666728247 6.27833333333333420967 7.24874999999999936051 7.21916666666666628771 7.18958333333333321491 7.16000000000000014211 8.13041666666666706931 8.10083333333333222015 8.07124999999999914735 8.04166666666666607455 
24.00000000000000000000 25.00000000000000000000 26.00000000000000000000 27.00000000000000000000 28.00000000000000000000 29.00000000000000000000 30.00000000000000000000 31.00000000000000000000 
0.00625000000000000035 0.01250000000000000069 0.01874999999999999931 0.02500000000000000139 0.03125000000000000000 0.03749999999999999861 0.04374999999999999722 0.05000000000000000278 0.05625000000000000139 0.06250000000000000000 0.06875000000000000555 0.07499999999999999722 0.08125000000000000278 0.08749999999999999445 0.09375000000000000000 0.10000000000000000555 0.10624999999999999722 0.11250000000000000278 0.11874999999999999445 0.12500000000000000000 0.13125000000000000555 0.13750000000000001110 0.14374999999999998890 0.14999999999999999445 0.15625000000000000000 0.16250000000000000555 0.16875000000000001110 0.17499999999999998890 0.18124999999999999445 0.18750000000000000000 0.19375000000000000555 0.20000000000000001110 0.20624999999999998890 0.21249999999999999445 0.21875000000000000000 0.22500000000000000555 0.23125000000000001110 0.23749999999999998890 0.24374999999999999445 0.25000000000000000000 
0.31250000000000000000 0.32500000000000001110 0.33750000000000002220 0.34999999999999997780 0.36249999999999998890 0.37500000000000000000 0.38750000000000001110 0.40000000000000002220 
0.00416666666666666661 0.00833333333333333322 0.01249999999999999896 0.01666666666666666644 0.02083333333333333218 0.02499999999999999792 0.02916666666666666366 0.03333333333333333287 0.03749999999999999861 0.04166666666666666435 0.04583333333333333703 0.04999999999999999584 0.05416666666666666852 0.05833333333333332732 0.06250000000000000000 0.06666666666666666574 0.07083333333333333148 0.07499999999999999722 0.07916666666666666297 0.08333333333333332871 0.08750000000000000833 0.09166666666666667407 0.09583333333333332593 0.09999999999999999167 0.10416666666666667129 0.10833333333333333703 0.11250000000000000278 0.11666666666666665464 0.12083333333333333426 0.12500000000000000000 0.12916666666666667962 0.13333333333333333148 0.13749999999999998335 0.14166666666666666297 0.14583333333333334259 0.14999999999999999445 0.15416666666666667407 0.15833333333333332593 0.16250000000000000555 0.16666666666666665741 
0.00000000000000000000 0.00000000000000000000 0.00000000000000000000 0.00000000000000000000 0.00000000000000000000 0.00000000000000000000 0.00000000000000000000 0.00000000000000000000 
0.50678949652777782742 3.01232899305555523739 3.23036848958333333570 3.68465798611111106098 4.04144748263888953232 4.48448697916666638719 5.10002647569444356179 5.63681597222222308119 5.85110546875000014921 6.64664496527777792778 6.77468446180555528002 7.64897395833333337833 8.00576345486111051741 8.50880295138888875783 9.15434244791666529295 9.49613194444444630449 9.87542144097222163168 10.61096093749999980105 11.09900043402777569668 11.58328993055555500291 11.43007942708333324333 12.77311892361111134164 13.17865842013888766360 13.74544791666666654351 13.92973741319444513920 14.54527690972222231380 15.12331640625000162004 15.84760590277777581036 16.11439539930555397973 16.70743489583333030168 16.87297439236111173955 17.70976388888889019313 17.95405338541666395713 18.71959288194444326336 19.17763237847222512755 19.55692187500000045475 20.07871137152777407664 20.67175086805555395131 21.04729036458333268911 21.34407986111111199534 
0.07812500000000000000 0.08125000000000000278 0.08437500000000000555 0.08749999999999999445 0.09062499999999999722 0.09375000000000000000 0.09687500000000000278 0.10000000000000000555 
0.00277777777777777788 0.00555555555555555577 0.00833333333333333322 0.01111111111111111154 0.01388888888888888812 0.01666666666666666644 0.01944444444444444475 0.02222222222222222307 0.02500000000000000139 0.02777777777777777624 0.03055555555555555802 0.03333333333333333287 0.03611111111111111466 0.03888888888888888951 0.04166666666666666435 0.04444444444444444614 0.04722222222222222099 0.05000000000000000278 0.05277777777777777762 0.05555555555555555247 0.05833333333333333426 0.06111111111111111605 0.06388888888888888395 0.06666666666666666574 0.06944444444444444753 0.07222222222222222932 0.07500000000000001110 0.07777777777777777901 0.08055555555555554692 0.08333333333333332871 0.08611111111111111049 0.08888888888888889228 0.09166666666666666019 0.09444444444444444198 0.09722222222222222376 0.10000000000000000555 0.10277777777777778734 0.10555555555555555525 0.10833333333333333703 0.11111111111111110494 
